image_width: 600
image_height: 450
camera_name: narrow_stereo
camera_matrix:
  rows: 3
  cols: 3
  data: [645.0323 ,   0.     , 303.32412,
           0.     , 644.9668 , 225.71843,
           0.     ,   0.     ,   1.     ]
distortion_model: plumb_bob
distortion_coefficients:
  rows: 1
  cols: 5
  data: [0.154454, -0.471819, 0.001409, 0.001841, 0.000000]
rectification_matrix:
  rows: 3
  cols: 3
  data: [1., 0., 0.,
         0., 1., 0.,
         0., 0., 1.]
projection_matrix:
  rows: 3
  cols: 4
  data: [651.34235,   0.     , 303.64881,   0.     ,
           0.     , 652.1817 , 225.58586,   0.     ,
           0.     ,   0.     ,   1.     ,   0.     ]
