image_width: 1920
image_height: 1080
camera_name: cam1v3
camera_matrix:
  rows: 3
  cols: 3
  data: [528.08081,    0.     ,  13.31309,
            0.     , 528.08081,  23.95904,
            0.     ,    0.     ,    1.     ]
distortion_model: plumb_bob
distortion_coefficients:
  rows: 1
  cols: 5
  data: [0.139760, -0.000364, -0.000587, 0.003213, 0.000000]
rectification_matrix:
  rows: 3
  cols: 3
  data: [1., 0., 0.,
         0., 1., 0.,
         0., 0., 1.]
projection_matrix:
  rows: 3
  cols: 4
  data: [132.85779,    0.     ,  989.30256,    0.     ,
            0.     , 152.25879,  54.04897,    0.     ,
            0.     ,    0.     ,    1.     ,    0.     ]
