image_width: 1920
image_height: 1080
camera_name: narrow_stereo
camera_matrix:
  rows: 3
  cols: 3
  data: [1555.81916,    0.     ,  941.69672,
            0.     , 1560.54861,  530.38956,
            0.     ,    0.     ,    1.     ]
distortion_model: plumb_bob
distortion_coefficients:
  rows: 1
  cols: 5
  data: [0.153223, -0.346479, -0.005014, -0.007254, 0.000000]
rectification_matrix:
  rows: 3
  cols: 3
  data: [1., 0., 0.,
         0., 1., 0.,
         0., 0., 1.]
projection_matrix:
  rows: 3
  cols: 4
  data: [1566.67981,    0.     ,  925.65651,    0.     ,
            0.     , 1592.80115,  526.11281,    0.     ,
            0.     ,    0.     ,    1.     ,    0.     ]
