image_width: 1920
image_height: 1080
camera_name: narrow_stereo
camera_matrix:
  rows: 3
  cols: 3
  data: [1530.73069,    0.     ,  940.42419,
            0.     , 1528.93764,  546.71409,
            0.     ,    0.     ,    1.     ]
distortion_model: plumb_bob
distortion_coefficients:
  rows: 1
  cols: 5
  data: [0.131296, -0.316123, -0.001248, -0.005877, 0.000000]
rectification_matrix:
  rows: 3
  cols: 3
  data: [1., 0., 0.,
         0., 1., 0.,
         0., 0., 1.]
projection_matrix:
  rows: 3
  cols: 4
  data: [1532.60596,    0.     ,  926.34739,    0.     ,
            0.     , 1553.67395,  545.35453,    0.     ,
            0.     ,    0.     ,    1.     ,    0.     ]
