image_width: 640
image_height: 480
camera_name: cam2v2
camera_matrix:
  rows: 3
  cols: 3
  data: [742.41189,   0.     , 318.00212,
           0.     , 746.10125, 231.39809,
           0.     ,   0.     ,   1.     ]
distortion_model: plumb_bob
distortion_coefficients:
  rows: 1
  cols: 5
  data: [0.004798, 0.000810, -0.001604, 0.012247, 0.000000]
rectification_matrix:
  rows: 3
  cols: 3
  data: [1., 0., 0.,
         0., 1., 0.,
         0., 0., 1.]
projection_matrix:
  rows: 3
  cols: 4
  data: [743.22638,   0.     , 323.17554,   0.     ,
           0.     , 753.27142, 230.34999,   0.     ,
           0.     ,   0.     ,   1.     ,   0.     ]
