image_width: 1920
image_height: 1080
camera_name: narrow_stereo
camera_matrix:
  rows: 3
  cols: 3
  data: [1665.67235,    0.     ,  925.61759,
            0.     , 1668.428  ,  519.8068 ,
            0.     ,    0.     ,    1.     ]
distortion_model: plumb_bob
distortion_coefficients:
  rows: 1
  cols: 5
  data: [0.032135, -0.077903, -0.001457, 0.000253, 0.000000]
rectification_matrix:
  rows: 3
  cols: 3
  data: [1., 0., 0.,
         0., 1., 0.,
         0., 0., 1.]
projection_matrix:
  rows: 3
  cols: 4
  data: [1668.42676,    0.     ,  925.09716,    0.     ,
            0.     , 1672.46582,  518.34364,    0.     ,
            0.     ,    0.     ,    1.     ,    0.     ]
