image_width: 1920
image_height: 1080
camera_name: cam2v2
camera_matrix:
  rows: 3
  cols: 3
  data: [1651.9061 ,    0.     ,  940.56376,
            0.     , 1658.67025,  527.45067,
            0.     ,    0.     ,    1.     ]
distortion_model: plumb_bob
distortion_coefficients:
  rows: 1
  cols: 5
  data: [0.046340, -0.138954, -0.001129, 0.003579, 0.000000]
rectification_matrix:
  rows: 3
  cols: 3
  data: [1., 0., 0.,
         0., 1., 0.,
         0., 0., 1.]
projection_matrix:
  rows: 3
  cols: 4
  data: [1650.93884,    0.     ,  945.61533,    0.     ,
            0.     , 1666.81519,  526.18528,    0.     ,
            0.     ,    0.     ,    1.     ,    0.     ]
