image_width: 1920
image_height: 1080
camera_name: narrow_stereo
camera_matrix:
  rows: 3
  cols: 3
  data: [1657.889  ,    0.     ,  931.82786,
            0.     , 1655.26494,  517.34027,
            0.     ,    0.     ,    1.     ]
distortion_model: plumb_bob
distortion_coefficients:
  rows: 1
  cols: 5
  data: [0.006734, -0.008587, -0.000589, 0.001501, 0.000000]
rectification_matrix:
  rows: 3
  cols: 3
  data: [1., 0., 0.,
         0., 1., 0.,
         0., 0., 1.]
projection_matrix:
  rows: 3
  cols: 4
  data: [1660.03955,    0.     ,  934.05286,    0.     ,
            0.     , 1658.71484,  516.20416,    0.     ,
            0.     ,    0.     ,    1.     ,    0.     ]
