image_width: 1280
image_height: 720
camera_name: narrow_stereo
camera_matrix:
  rows: 3
  cols: 3
  data: [1053.95039,    0.     ,  642.38413,
            0.     , 1049.56761,  353.55682,
            0.     ,    0.     ,    1.     ]
distortion_model: plumb_bob
distortion_coefficients:
  rows: 1
  cols: 5
  data: [0.039189, -0.074453, -0.000001, -0.004296, 0.000000]
rectification_matrix:
  rows: 3
  cols: 3
  data: [1., 0., 0.,
         0., 1., 0.,
         0., 0., 1.]
projection_matrix:
  rows: 3
  cols: 4
  data: [1057.66711,    0.     ,  636.89155,    0.     ,
            0.     , 1057.33191,  353.05261,    0.     ,
            0.     ,    0.     ,    1.     ,    0.     ]
color:
  start: [42, 140, 95]
  end: [68, 255, 255]
filter:
  contrast: 0
  saturation: 128

